0.0 3.0 10.0
0.0 3.0 0.0
0.0 1.0 -3.0
2304 1296
0.7392551854632827 1.5430934963438476 2.917338895281869 0 23.734018492675805 228.13498984870034
3.210864544709702 1.026522002455155 1.9972367699589995 0 14.436002959934967 81.11119924585385
11.821962719968177 1.8598998597162684 1.95739892505881 5.569717461630849 23.734018492675805 129.31685970981556
3.210864544709702 1.026522002455155 1.9972367699589995 0 12.394651258135447 81.11119924585385
15.7898815971164 1.443246501681781 1.8050380268146133 11.269106643868046 23.734018492675805 164.658523815951
3.210864544709702 1.026522002455155 1.9972367699589995 0 14.63983515425311 81.11119924585385
7.260973673403669 1.399552386538104 1.27739285934257 5.3639868476637975 14.436002959934967 185.14087760980502
3.210864544709702 1.026522002455155 1.9972367699589995 0 7.318943176661952 81.11119924585385
3.210864544709702 1.026522002455155 1.9972367699589995 0 22.320039560544057 81.11119924585385
2.049394380290751 1.9992290545514848 3.599911211433733 -3.34949424237265 14.63983515425311 217.2775936600703
7.103879272652341 1.7988174441706142 2.419176980490849 15.652428909320527 23.734018492675805 40.78525747475724
0.7392551854632827 1.5430934963438476 2.917338895281869 0 9.30678911506222 228.13498984870034
2.212982095638591 1.6040761433244992 1.7509824345745222 9.526241615214303 14.436002959934967 25.17856040595348
6.21676996412623 0.7927783515664364 1.393297031901918 3.337154306071677 12.394651258135447 340.09169228717656
10.093123515319096 1.9113021688010705 2.673535470523839 9.105645314020519 12.394651258135447 63.770557841050696
2.9914045121893946 0.8438603262435865 0.6731519289779414 0 3.330000446695073 50.317585610361746
18.872905849543407 1.4607721737314203 1.7786757071064554 18.766697702487892 23.734018492675805 353.26989064955205
2.289317361022281 0.9810413054405505 1.7427597295729003 2.9988020607576336 7.318943176661952 31.56304413392158
6.796364208571783 1.371422408869268 1.9970811104760877 -2.416709774820601 22.320039560544057 210.5976575015536
14.19355620970221 1.902528926809595 3.5891004895203378 13.691844971367377 14.436002959934967 47.79436433804693
2.049394380290751 1.9992290545514848 3.599911211433733 -2.7455720987476413 9.30678911506222 217.2775936600703
10.093123515319096 1.9113021688010705 2.673535470523839 -8.918785983505376 14.63983515425311 63.770557841050696
4.680118895769938 1.5237590918718722 1.7786795556757182 0 3.4466220094619677 348.6628617649826
10.444913871191984 1.3635811742088795 1.6038576598040797 0 27.118761220126366 243.2198651816821
13.82175175451078 1.120328850350613 1.3847005951737608 23.479472835659056 23.734018492675805 183.7130735699161
18.872905849543407 1.4607721737314203 1.7786757071064554 16.56759901400355 14.436002959934967 353.26989064955205
3.210864544709702 1.026522002455155 1.9972367699589995 0 -0.4941287249235131 81.11119924585385
7.260973673403669 1.399552386538104 1.27739285934257 -11.87511016194357 14.63983515425311 185.14087760980502
11.03231119463569 1.3448857733015795 2.669135252113963 -5.373033953258794 22.320039560544057 292.69230771490516
3.52173482268314 1.9649957494239576 3.2588624191176874 -5.729751970581047 3.330000446695073 149.93824256999915
2.049394380290751 1.9992290545514848 3.599911211433733 -5.374644770874979 27.118761220126366 217.2775936600703
13.234857443231643 1.8755896341843 2.2898720452104255 12.89742429736836 12.394651258135447 96.98869123795728
6.291034092355567 1.6799491557193449 2.508176708180212 -8.314863839880369 9.30678911506222 230.45317241370446
7.103879272652341 1.7988174441706142 2.419176980490849 5.513795417186536 7.318943176661952 40.78525747475724
2.3662837209635916 1.8116944241309934 2.3149074041133813 3.1164173690054016 3.4466220094619677 85.67714150875645
21.250762997341617 1.9323774270242857 3.412515410869395 21.320652232365802 14.436002959934967 80.6142889013874
4.2539526862094865 1.7128176432847653 2.7344621807031997 -8.404850753373019 3.330000446695073 207.71511728964742
5.456812264133449 0.7985359526168117 1.086933937167698 8.899497305103587 3.4466220094619677 166.00652646409836
13.970022560723084 1.8752499944816798 3.414685225319458 -8.867804401416254 22.320039560544057 264.0421083665098
7.661569034699157 1.2545509431306219 0.7308154439828867 -11.271188018318561 9.30678911506222 230.64087124852603
19.788021984257057 1.91718181089171 2.1824763502532005 18.377837287177023 12.394651258135447 0.23028446843219808
13.970022560723084 1.8752499944816798 3.414685225319458 -14.970667254819121 14.63983515425311 264.0421083665098
10.093123515319096 1.9113021688010705 2.673535470523839 -9.36933801247204 27.118761220126366 63.770557841050696
13.234857443231643 1.8755896341843 2.2898720452104255 -12.325662190910233 27.118761220126366 96.98869123795728
13.970022560723084 1.8752499944816798 3.414685225319458 -15.859997304621363 9.30678911506222 264.0421083665098
19.659266017192905 1.2905849631246924 2.3208208392596936 23.95227916468983 14.436002959934967 236.94237984082508
10.225436014809418 1.565846869605787 0.8240995141633627 13.671746984288085 3.4466220094619677 163.86924280401922
15.160534491797817 1.7477639616105491 3.399181339139112 23.660244145198266 12.394651258135447 137.8884204131736
9.923152838931852 1.7329225301259086 2.305072946737526 -13.725542176514267 22.320039560544057 283.29416855053444
14.683219763712946 0.6819182591710273 1.0049002220382508 16.822371194847758 3.4466220094619677 280.6556823863124
12.218811400508152 1.6515975992213565 2.791697741634134 -16.914471477213034 27.118761220126366 153.67958025893265
17.429390112893064 0.8672553868264581 1.608160176294446 29.433733617204403 12.394651258135447 46.40227502384497
13.234857443231643 1.8755896341843 2.2898720452104255 -17.66444073711628 22.320039560544057 96.98869123795728
10.225436014809418 1.565846869605787 0.8240995141633627 22.488001636091553 3.4466220094619677 163.86924280401922
9.574987223792036 1.8857312899572012 1.626047370460035 35.10795853650124 12.394651258135447 124.64961916147494
8.337779214076278 1.7045855835243195 2.4634472519983777 -20.74054440057145 22.320039560544057 284.9509449543601
22.79572451001717 0.9806394950402118 1.9105262826348153 25.10462760411081 3.4466220094619677 90.56976109999836
22.332245431239702 1.7734731400722374 2.1374249042185887 29.142178794939777 3.4466220094619677 277.20271823460945
21.893732919500618 1.3096508436076306 2.334510786874419 32.59825710102985 3.4466220094619677 290.25096445980006
14.140927063077916 0.748082105507535 1.1143826190699018 35.82292579771866 3.4466220094619677 195.62001374722598
15.165942802371223 1.8445228636300626 1.4317770610453784 39.091793741373934 3.4466220094619677 11.699655060664217
0.5744656797496557 0.7031833041063941 0.7178143698195352 42.41948564961598 3.4466220094619677 121.35984307718023
