0.020680178732357946 -3.034019689910264
0.05657616593357112 -2.3730265165417843
0.061359708669822974 -2.265654139527619
0.07787701817795575 -2.0609345413935243
0.17748300278231582 -2.281141436095788
0.18353334194537713 -2.1772434707027006
0.19830637147580804 -2.41258735333065
0.19830637147580804 -2.2849457078692383
0.19890729086989045 -2.3479718944046746
0.20016164453768903 -2.4530414855471014
0.21317452713976232 -2.3408518153955837
0.222198988036414 -2.4500412802906704
0.22285876595698328 -2.425389031289555
0.2294848806179685 -2.348002517255797
0.22952607343927456 -2.270318298858763
0.22952607343927456 -2.550952237702507
0.24170992526816748 -2.357791531803593
0.24350983763403117 -2.2899384172661916
0.24444500637671795 -2.3721047288824777
0.24680639081385183 -2.1914652586654872
0.24680639081385183 -2.383783121296295
0.24680639081385183 -2.466668400833472
0.24680639081385183 -2.4888428747349574
0.24680639081385183 -2.5803256403017887
0.24680639081385183 -2.4531395847490955
0.24712938261042366 -2.4978157541724118
0.24712938261042366 -2.451063918337616
0.24712938261042366 -3.1345414113518633
0.24712938261042366 -3.391778017001879
0.24712938261042366 -3.3790254573575362
0.24712938261042366 -3.5576337052119986
0.24712938261042366 -3.7540729341886716
0.24712938261042366 -3.812021017615887
0.24712938261042366 -3.7324319315326355
0.24712938261042366 -4.0542206106190495
0.24712938261042366 -3.592328832284668
0.24712938261042366 -3.716850102997475
0.24712938261042366 -3.8884828278826236
0.24712938261042366 -3.9961775552143646
0.24712938261042366 -4.01317194679799
0.2473015129124758 -4.073441149222598
0.2473015129124758 -3.9662467808089916
0.2473015129124758 -4.28650152164829
0.2473015129124758 -4.473103036820643
0.2473015129124758 -4.512187409211079
0.2473015129124758 -4.631722516837058
0.2473015129124758 -4.558757510151951
0.2473015129124758 -4.637443616337365
0.2473015129124758 -4.29680136375436
0.2473015129124758 -4.461967121001992
0.2473015129124758 -4.786373205729856
0.24742307418575551 -4.745086759333483
0.24742307418575551 -4.5815371256583886
0.24742307418575551 -4.526167898897511
0.24742307418575551 -4.525587866435869
0.24742307418575551 -4.720500781655382
0.24742307418575551 -4.869215150669271
0.24742307418575551 -4.933694150836737
0.24742307418575551 -4.7703238275520725
0.24742307418575551 -4.865768518734922
0.24809783164072863 -4.531837478398798
0.24809783164072863 -4.850100437188645
0.24809783164072863 -4.590000568617406
0.24809783164072863 -4.378073641492127
0.24809783164072863 -4.651883709475266
0.24809783164072863 -4.754436120309645
0.24809783164072863 -4.426859727598442
0.24809783164072863 -4.761326283204843
0.24809783164072863 -4.783178892553221
0.24809783164072863 -4.893886564767161
0.24809783164072863 -4.680826619977328
0.24809783164072863 -4.661157093269363
0.24809783164072863 -4.603475220605391
0.24809783164072863 -4.81337747677757
0.24809783164072863 -4.717072834785275
0.24809783164072863 -4.827255562873161
0.24809783164072863 -4.671370493095954
0.24809783164072863 -4.647058910627982
0.24809783164072863 -4.853936224328085
0.24809783164072863 -4.641209855584802
0.24809783164072863 -4.595999348637864
0.24809783164072863 -4.843090757564454
0.24809783164072863 -4.7032439069191145
0.24809783164072863 -4.785843299359566
0.24809783164072863 -4.898849229901987
0.24809783164072863 -4.881120036087574
0.24809783164072863 -4.366351641264665
0.24809783164072863 -4.762151313368108
0.24809783164072863 -4.555997786681666
0.24809783164072863 -4.564219885772183
0.24809783164072863 -4.189566201753133
0.24809783164072863 -4.244322184949238
0.24809783164072863 -4.320699190718108
0.24809783164072863 -4.6971460282539095
0.24809783164072863 -4.454252895982722
0.24809783164072863 -4.205116449141507
0.24809783164072863 -4.675728910333458
0.24809783164072863 -4.578196120468932
0.24809783164072863 -4.512121662009981
0.24809783164072863 -4.314648130214546
0.24809783164072863 -3.9317567543950585
0.24809783164072863 -4.222345623992182
0.24935183214403495 -3.9822630237444465
0.24935183214403495 -4.032578586942169
0.24935183214403495 -4.146909864514021
0.24967940848082834 -4.318545712140956
0.24967940848082834 -3.673603964265107
0.24967940848082834 -3.497645716980763
0.24967940848082834 -3.544058544532786
0.24985557993881305 -3.4068359790562095
0.24985557993881305 -3.315128426203293
0.24985557993881305 -3.2994533694848487
0.24985557993881305 -3.1473488986316918
0.24985557993881305 -2.9294506680807206
0.24985557993881305 -2.6392311996123197
0.24985557993881305 -2.130589370059903
0.24985557993881305 -2.3456576095005786
0.24985557993881305 -2.3947338311436086
0.24985557993881305 -2.3215894484426616
0.24985557993881305 -2.507991099450956
0.24985557993881305 -2.2447952511486498
0.24985557993881305 -1.9335953628410252
0.24985557993881305 -1.9763950483596404
0.24985557993881305 -1.7671871298309914
0.24985557993881305 -1.435699715134392
0.24985557993881305 -1.4672291274407832
0.24985557993881305 -1.7871196809222323
0.24985557993881305 -1.9794794626249823
0.24985557993881305 -1.971371810022804
0.24985557993881305 -1.6295359374612262
0.24985557993881305 -1.4922566989730461
