10.785458509532068 0.9736214724415782 0.7223980179603035 14.6530300133095 1.63763541549039 3.9171977141892946
10.790339322874534 2.4287904262216156 2.6551667887144808 -24.136763874774097 -9.718531587721948 1.8378912603473032
8.484149220991815 0.5852701130781932 0.43534255424170687 -6.064320624793147 1.2225871401669401 3.095508893228434
0.3989154539904546 1.7905294485634256 2.853381072576305 15.108544270054526 -6.443911435362406 1.8546958474715023
5.886765594346376 0.9413629077371158 1.3298017941424036 6.952346195255583 0.8125843691940098 2.949075770755704
3.6755043613026195 0.777822740166001 0.4444482944045349 -3.2005045427817507 -0.18759176568941527 0.5740641911458302
9.426950917600722 3.9051870430067965 6.056078369257484 12.79712138621425 -7.062435013371434 5.09262838714422
2.0531413814027437 1.8635787927944 2.4873469977352896 16.150555513134243 3.122610361809393 4.667360195161252
9.05004435141893 2.793561964645124 4.630661808512482 27.632655766376637 -8.76761361099645 1.2146522715358619
10.74943639848275 1.3752232354233314 1.915220301085706 -21.38567796590849 0.0259267263519547 1.5373003651837756
11.224072694691612 3.2915389432062048 4.195123227056898 6.250111505979852 1.0461893195193461 5.580673650672419
1.6015030583114056 1.2276270357803205 2.3520144721658496 -5.724347345736685 2.8765966263828027 3.5339466866292004
1.8439668675966827 2.0230651425130697 3.6301300150814018 5.377662497646501 11.679550143015145 3.546387869257952
5.8482573856110065 3.8785661793945403 3.281889483776246 -25.68086042511703 -13.958619392895596 0.9571964196532964
1.22828849600005 2.8453511447767763 5.670793369756075 -13.569101719633636 4.122069025604603 0.8162501694432182
2.919554646678072 3.284807823847244 5.6858189632107745 -13.036377356882067 9.792025248365142 1.8911879216517404
3.35463350960738 2.1117381949868355 3.0516960986626285 -15.353166649878476 2.2913429339714817 3.148612756192595
2.531533453287842 3.304469020438333 4.4900544871316885 -16.82023689973567 -4.129971042398733 3.059737631716182
6.781050226608932 3.078989940845217 2.8067008945193215 21.055926940881978 -2.297867607295915 2.2576745330934296
5.075368691394228 2.351978208351105 3.1283214927532335 11.562659284201487 2.641204285592142 2.448363260500086
6.973396565989405 2.306867187807779 2.218347749188156 11.097945740352888 8.48453651759123 2.688518116563402
0.2771180552182892 3.441234664736497 2.611397393426903 -11.768042092556534 -13.381351168959252 0.6783619067928884
10.208796116177425 0.7983074819762905 1.564225947593978 -14.575412582663208 -15.8767457836782 2.49912877159361
5.571037110792666 0.943578649988819 1.7377298526699287 5.960475801354871 14.955788077224192 1.6397358324478
9.591163737900807 2.8222105771049915 2.768590344108565 4.838725928861351 5.392191541796443 2.8128696564057005
8.212551489064234 2.071057005376611 2.412683967311671 -27.835420571546067 -13.650066881957304 5.071858023679647
9.809269276953186 3.5271532732558954 3.0582114432785596 -12.346015930452193 -17.902365338702502 5.887503736980785
2.385006424085415 2.2783776377088634 4.058116360623807 9.260067674736181 -0.8166291263176113 4.105601883420133
6.404694935574142 1.6235623889179789 1.4108420138677 -10.287044908393934 7.355687559062446 5.82905236788333
2.451513010889072 1.3079225142969828 1.4164510480413803 8.205511453986022 17.486998968582654 2.411657397558377
3.8228310806264196 3.9622526255051045 4.764774892787319 -3.2679985314531237 -14.006893983433558 5.321972638049697
5.60211672816752 3.0797886708947484 6.120063690210412 -15.136440390549927 4.962372484114141 0.008171529764778125
1.7400704943819498 3.3865496008776983 3.8577738657747442 6.855606649170301 9.06741416510468 3.1240559064423454
7.917424838091166 3.309449112476073 5.163084024001087 13.506664632133223 -1.4526352932627375 3.779487794871143
8.784764243661858 3.6291910081787258 4.521782459945046 2.342065149495035 2.247019649975549 2.263748232680061
4.170307261334418 2.2457417496506804 2.2726598938368787 10.628367890777525 -11.701145196454501 0.6482137135483478
10.788655475434869 3.301720947438981 4.238982778735849 -14.083474357278664 6.3140799756718415 5.254218283918745
6.766902437513172 0.5979109103908986 0.9101743296496844 16.066293870886383 15.054195194193873 0.13299801487862492
3.1664200207117172 2.6236743406829732 2.3457492281125063 25.533509093969172 -12.325545597796669 2.8617079721935683
10.888925148828873 2.837628323896106 2.044817743931026 -11.83400388344426 6.775164111881551 4.443415736278718
9.07209246052298 2.483691665356754 1.6759061848179742 5.131048207842348 2.887570792776632 2.041016156519262
3.510732528473609 0.7284131268319023 1.2239443129902725 -0.8242220309955286 -9.387916473238608 3.453832583214343
10.659461464341486 2.354845976893258 4.692000646504022 -13.619884291372454 -17.287104534245458 0.8130176284321791
9.17269997433577 0.8667927930078237 0.7942193831830957 -7.479005728238974 2.0453071118888886 0.8441991763061738
11.885620006812518 3.630473456892595 4.008905339944871 17.67891226866342 6.05952625388268 5.54347543388327
11.974631293601599 2.363573177963459 1.7549763899379887 -14.918349836000301 6.076827156007859 5.127105947625607
9.34099488207094 3.6786736719767426 2.173619631364151 20.08083889290837 -4.140441887724155 4.58093385431998
9.582625614698278 2.1888184875159316 3.702486847393258 12.800257466654465 -8.048760210288817 5.531983995346265
0.9885710065581115 2.9432811322343904 3.010436821336224 -4.200895247410905 12.84048786730063 3.910110301234856
2.311236803547218 0.6140412013241362 0.605947099493374 8.402777529201348 12.956629052572197 0.12557315704159672
4.34502512831002 0.6310406996385756 0.6677652287921132 5.035351947471998 -0.4018625816536847 0.033017244882069995
4.8418744317531885 3.9803771374099313 7.088277071180765 -1.456387437241073 2.363661177455164 4.537885804160128
2.008045699052221 3.6296896009863384 3.581679418596302 -9.457131399894596 16.9526470857262 3.176450863808178
9.284436534822712 0.8533372230327614 1.0198087467957861 -11.797877417170994 7.65648343596051 5.290379286053963
3.857751322097159 2.715858861111637 2.800617137975193 2.7577428680629374 -1.479732311738907 5.53709724766901
8.10834042639497 3.6677972968647015 2.5530769800048234 -6.015530515358478 12.641229493070863 1.2588216865418125
8.5520512638489 1.1869756278275525 1.6251698522924436 -36.65523244863654 -16.255650864745707 4.213189615498285
4.473454480345024 2.1841506110029627 1.8462807035886788 16.913465144819718 -15.711377250198405 1.9914777210663113
4.003463986531258 3.1698918772961404 3.0373242915611454 1.8848896857172335 -7.526002366678821 2.9568651380431388
4.912196602340288 3.121424711152744 3.629212870625348 15.930060213605948 -8.108037850646829 4.970319289720125
0.7191487828344469 1.1582344124460935 2.1248714991606805 -5.067100889819244 6.817489550955006 5.576515047465084
3.788361100292365 0.6597071046815646 0.9239172927686213 -10.845210580993907 -16.29118806143237 5.180353469972073
7.635604469958783 3.4164736795274067 5.3090049626041065 -4.24136567390908 -13.954743348896985 0.7346989254547561
1.7597512408284146 3.4958311279845193 3.8178780589754426 3.3421891269974324 -4.224905156543121 5.551423775145588
5.068404082661657 1.0388352852064437 1.4647413271280754 -5.160100494313916 3.0557783028035352 5.399227167448672
2.876587357174328 1.4027625310355636 2.2472735474892467 -10.82392603895851 11.0020410544608 4.400615996731757
3.181448541557959 2.6601665778793246 2.0134004318908696 20.144040077818474 -9.668680150567216 3.9308839295117797
1.5055590026951229 3.2038034945887475 6.309130300638312 -31.417827847309823 -8.196206192401673 3.543499833814777
11.391637258826078 0.5109413515621033 0.9675334601052921 -1.616466869800803 -12.71493992765077 2.1835348063142908
9.385776853609993 2.131871795148277 3.925522497631124 -15.538406267991576 3.13900760283488 0.6677191356115195
2.8908310771977077 1.1340246577207518 0.5691335856703089 35.72315073680849 -13.769676318237101 4.605547520820883
0.5607359484460057 1.4225176864223785 2.4928355816895116 -13.930089034045974 10.423935211925055 4.540973694119497
5.625654973137358 2.869352404878023 4.650923437225201 14.780877927259372 -1.403679588649421 2.477392483808264
2.8942666981102922 1.7513871110891328 1.441748119084648 13.06461174394487 10.1954090134506 4.035622691305655
