0.0 3.0 10.0
0.0 3.0 0.0
0.0 1.0 -3.0
2304 1296
7.759054542796707 1.4232850842570386 2.071711252028132 0 22.168996128328374 235.51824112858563
15.297495626798632 1.1418912205550318 1.7801003556476656 0 26.44032904669077 318.2474772341602
5.09917600900317 1.997524328419006 3.693797698520011 0 17.102001592605603 52.104395975941934
14.988590788517453 1.7824087425868442 1.4103932257455192 5.7696391135354235 22.168996128328374 136.3709717203163
21.039492004017973 1.1883298335596786 1.777664014993659 0 14.879848366606472 65.07279995672815
14.597877449007797 1.101616867449172 1.7017429924985774 0 28.919603769987464 253.28516810331686
3.512223629079006 1.2704701627690698 2.405737006884397 2.416647225166762 17.102001592605603 8.012970749060147
17.115022145764403 1.8658246558293432 2.735452684956085 3.1314465183361255 26.44032904669077 178.05505640533514
20.22116289157757 1.0186055840116182 0.8615128813153473 10.733171265745417 22.168996128328374 252.90456815548657
0.7141965659660916 1.289625604878926 1.3415215432365262 0 15.835511622395684 109.35144582851962
0.3476614880668361 1.44051736499437 0.9854256436640013 4.552391034999335 14.879848366606472 91.37407165158923
22.778308179359225 0.8623283431777402 1.0782376727702858 -3.6030822245491856 15.835511622395684 312.2634180680584
13.613235692393966 1.2330927832480532 1.5474941659895092 6.302075879190423 26.44032904669077 320.49892675086005
7.846747009263468 1.5988096989592262 1.7317041071050259 7.444829411070959 17.102001592605603 60.256081681351986
6.122255184969556 1.394464113763164 1.8900887513626459 15.869842478907461 22.168996128328374 143.1537769516517
17.63943278985381 0.7140654188361469 0.7104798154371241 0 25.553682619288924 20.16093376314986
17.485657578183197 1.7298347436787982 0.9214604640844974 0 11.510542115199634 126.8934235080759
22.01425223937027 1.9405031710977199 1.4758446900879152 0 10.549108989813723 19.404321626083387
9.682085452709664 1.892333811738188 3.1865136853668155 10.615180877126704 17.102001592605603 59.57724014330917
4.180087315016122 1.97244047788178 3.427166900560497 0 7.250897598861479 187.24374624398794
2.693608608918491 1.0783716247409298 0.9246158283921352 2.7120347439940806 10.549108989813723 82.27772342940735
4.981991699120331 0.8462518414680122 1.6622785941634188 -6.063048551602478 15.835511622395684 26.15080582090649
9.53571714532026 1.3977390168582882 2.616443438527142 0 29.283370621711928 273.60894387621096
9.760211512516042 1.2723895837200943 1.5687800858531562 7.666105017448415 14.879848366606472 176.31614995735558
11.042926356866719 1.701754588925148 1.252248710965187 10.610102384547865 26.44032904669077 83.13141921914588
7.09921292532107 1.632217152471234 2.9858870538030806 -4.6893808629757405 11.510542115199634 311.88571515400344
21.979953369273698 1.2159901024389534 1.8858275195423395 9.131692649867581 28.919603769987464 115.94496862758473
6.210918663442665 0.7914448791906448 1.0872947058914615 -3.6154526629412826 25.553682619288924 355.5022100352161
21.867034334129656 1.3999232014209642 2.232721422362883 0 8.089761529194352 150.8641103396872
7.441124103887506 0.6575002427857115 0.7276219493850756 -5.304853159894992 8.089761529194352 68.30597104109181
15.984069007416174 1.9777809361681076 3.157884627062449 15.831413773441513 17.102001592605603 128.67303047715404
6.970960102819007 1.667206045119642 1.4751080853223195 11.77259311322425 14.879848366606472 258.03375224218337
19.461770665563634 1.019431280379398 1.5594801019993476 8.613204457450731 10.549108989813723 354.25812778913235
12.751754678090784 0.9530016986582861 1.108495346304732 13.719491773761703 28.919603769987464 299.4339437768724
11.107578677925838 1.772164007004737 1.9505620215623278 -9.224545534018294 11.510542115199634 10.885522058437127
1.992866892513007 1.3718116938814982 2.087817893040696 -7.674531654702567 25.553682619288924 107.90245246306907
17.84098282348877 1.451584039978231 0.8421863326850652 -4.834839675450309 29.283370621711928 119.61606080715109
22.655460492117218 1.327229177951013 2.022815449312015 13.877996713392555 26.44032904669077 246.17241396801853
7.0867794017061705 1.857281380231835 1.201247944775331 -10.436823273700838 15.835511622395684 18.944716443040697
18.945013506668708 0.9508817452468549 1.4998563398427853 4.5274861765663905 7.250897598861479 27.076198580050125
7.26418648473064 0.9090566539081714 0.9283615317811024 0 3.113808650148777 61.07168561660578
3.9340570569733684 1.9666723051941843 3.1366969466372323 6.5358824671563465 7.250897598861479 109.97758217661365
18.932715480748275 1.0991390310142934 0.6573556162255432 -11.27715768447106 25.553682619288924 314.46856784619024
21.445624080079774 1.3048163422065282 1.0801020452960854 15.997735234989676 26.44032904669077 24.967876786494223
23.235080284881633 1.0627375011861369 1.5269330863673296 -7.130128606284655 29.283370621711928 183.86119938849055
19.297896468568773 1.4618731973332317 2.571842373869335 0 -2.5125729094375675 30.540082931180837
23.272319739689593 1.371668471027975 1.9337742795484512 19.234292740594526 28.919603769987464 261.49049608731065
8.781974733163239 1.268745942291746 0.8035680748812629 -8.932913624526094 8.089761529194352 130.95760565911232
17.124032761228985 1.9024184988811157 2.750637646422096 13.798790492807019 14.879848366606472 194.04639127806436
0.1167604510540115 1.3978934935728624 1.6587418640048002 -11.288760853896521 11.510542115199634 335.34023061297677
16.750191127812396 1.6780006979539501 0.8439206053577254 -3.7950044791708875 3.113808650148777 91.90016215958194
6.429148168048084 1.5217664402945237 2.5854252213580082 11.791335488422462 10.549108989813723 259.13251664396864
10.798659483594232 0.8105345546502178 0.7842567661348075 -12.756832601502602 15.835511622395684 331.2474939774337
21.638121084960098 1.7338072780716964 1.6204093183020936 21.374308602573443 17.102001592605603 119.72902471641476
10.404845766534917 1.4787718297692969 1.1820469544228174 -16.090983590337927 25.553682619288924 157.1112574478897
21.574070191107587 1.3350173013414908 1.7966128342799208 -11.120754444950208 8.089761529194352 333.67830005630077
18.09533664637765 1.8968748345496127 1.6929235752854208 -16.118059469048685 11.510542115199634 93.14935696963994
16.05414853323419 1.336032300430432 1.7654814204811646 -4.625902442864867 -2.5125729094375675 39.1516455977406
15.328263533644607 1.487134308688865 2.3784839240964333 11.614904475596955 7.250897598861479 229.62244221443208
7.572525524179648 1.3768381844158817 1.920461345514114 -18.63604468703341 15.835511622395684 168.84812552478868
11.01137459321483 0.7046906728532925 0.7453391565403458 0 -5.345686440157873 4.354390159035946
9.19066600684441 1.4682462454848642 2.2711894533222434 -9.428208703004392 3.113808650148777 92.09704888700924
16.777809353523683 1.601621472500384 0.9683421689915189 15.50335216900612 10.549108989813723 244.44215416924433
4.759272189719655 1.3159006273193146 1.2298268074878524 18.603906572454466 14.879848366606472 70.15441541957854
12.196873834193461 1.7222890117734422 1.4693692572606418 18.921456204111607 26.44032904669077 66.16374881765904
13.991374083800313 0.9071543434982285 1.6793248689985902 -12.199419661756728 29.283370621711928 268.67361097760096
2.952011771746417 1.8609018372282393 1.849198850771962 -21.279362494660948 15.835511622395684 116.06908713721153
8.159454029470986 1.99482730686465 2.439204145522726 -8.262714338176234 -2.5125729094375675 199.55015901288112
4.598171130391583 1.918789549103142 1.9625604644223704 23.402823186816256 14.879848366606472 173.2035239924082
21.08172512375884 1.5361275359759188 1.9437250339439376 -14.986001697266982 29.283370621711928 356.19925604964806
14.406399708482837 0.6206997093836784 1.084687288727741 -4.424850689608807 -5.345686440157873 195.6217702148201
21.532907218647473 1.6515770277080424 3.152597822649988 0 -10.306260201211243 235.16778805142266
3.9235647652843957 0.8699294534823014 1.541889966017791 23.949667021958174 26.44032904669077 255.26926744589684
19.972087633863552 1.5929487719591893 1.2005623344281093 -19.71053822991996 11.510542115199634 7.165330561675489
13.790839338601225 1.0566136718889312 1.1615914750025302 -19.693861560402418 25.553682619288924 62.26436886304862
13.894924281775195 1.3555133014140954 1.7132485479248596 -12.749073938104747 3.113808650148777 16.558489160363777
0.5321424498767786 0.7914894352383934 1.375609649261645 -13.370080914717663 8.089761529194352 280.53087044324553
12.433288166316414 1.652260366197321 1.3277830596842233 18.10733267262936 10.549108989813723 271.7628758486954
17.70487025220598 1.4149579028655341 1.567410586431808 26.825132012273766 14.879848366606472 310.27911632735044
5.1284034774841905 1.8707812878156644 1.3023571828028475 -25.101521673351947 25.553682619288924 149.032120352004
3.8971524498353847 0.850040387507344 0.9873411964295756 -18.93172259819994 8.089761529194352 322.28075113969794
9.528830605969377 1.9016559327383646 1.6450511350723966 0 -15.35320733242661 293.8637334403236
1.2510580211038846 1.6213526125820503 1.5932522440135433 -5.461007649130707 -10.306260201211243 306.8643879445567
0.06176053811557452 1.592433919946702 2.149362410954302 -18.4897199910966 3.113808650148777 253.17464186410206
15.453550687140636 1.3401618088987097 1.2035546130682435 -13.724077679033062 -2.5125729094375675 100.9942393267059
23.34469021639897 0.8574837100010377 0.7411177500394103 -24.618534544688675 11.510542115199634 354.61459424440216
21.392831568548136 1.3995176768977833 0.7366353264947505 22.84171011113468 10.549108989813723 226.40364943091865
9.527122864082282 1.090154029949992 2.1062384780020302 -8.879061094778477 -5.345686440157873 44.76702900300327
13.364287979796565 0.9366920777526456 1.26644356006868 -25.618759358837664 15.835511622395684 343.6156386030656
8.599882190898578 1.507872813155045 1.3835091564115287 -23.22813408412793 8.089761529194352 209.59445934232457
7.264915575172335 1.33985629959203 2.443461424202599 -9.45565098650866 -10.306260201211243 274.8957963474636
6.645934940266173 1.643827722925042 2.1400111700221 -5.91758879487387 -15.35320733242661 38.93258906266726
21.398402971126966 0.7328241972966739 0.8697167862919265 0 -19.286834393006068 252.42885670299074
20.512237405074792 1.0722773912038583 1.145664813960058 -30.489634492609405 25.553682619288924 162.7894912246392
22.54677275075106 1.1131887582270577 2.013172364530405 -19.618347313708895 -2.5125729094375675 314.21253640721324
20.1932702982164 0.6803263683589097 0.8553606252748146 24.856286258422788 10.549108989813723 25.030806234778527
17.532440013488344 1.1431915786383682 2.035048911845947 -22.288074713805198 3.113808650148777 40.814336444926475
10.319820509446402 0.9230050012250903 1.2731705936779847 -11.555271083637683 -5.345686440157873 4.570505734327979
21.04558564828216 0.67266108749059 1.2963661457192566 -27.35390734541298 11.510542115199634 50.26203962271473
0.9059451570308477 1.5956308336802598 2.683459847607525 -30.024930452645947 15.835511622395684 168.7094206848644
2.7926096013062884 1.7086681684346758 2.290806744240654 -10.404800984384455 -15.35320733242661 72.29408360851615
4.105819163721065 1.4593178831782114 0.9140347254881145 -26.845207806841664 8.089761529194352 251.47330520046708
20.710908323875643 1.2292579223793452 2.3486338209582236 -12.184960156786964 -10.306260201211243 95.09081208416025
7.798029307581276 1.2873480099803145 0.8143999653197982 -14.798438120995431 -5.345686440157873 68.24857566690444
19.4705026415898 0.6364558967628098 0.7987485250562057 -33.44782195340716 15.835511622395684 242.20189131112352
23.89900909903323 1.4873886301706132 2.6184402741837474 -26.786811604167177 3.113808650148777 15.014519566156338
20.595547762217723 0.879719786773159 1.4913284709342842 -3.409200061097399 -19.286834393006068 36.0973302660903
13.125807047744788 0.984637654474497 1.0458224946880443 37.273941035736605 14.879848366606472 301.3814879744708
16.195571580796354 1.9072621131385425 1.8465032755137916 -30.190332811350764 11.510542115199634 325.87969514706737
13.098969599561146 1.2610814823062515 0.9098243273672519 -34.766733877186994 25.553682619288924 20.50788314688735
0.7304694806943 1.1047983957797833 1.069513463426289 0 -24.538033914915005 46.32303208679386
8.957348762144717 1.6742268399182787 2.3193128468822595 -15.080806095000767 -15.35320733242661 258.1973671445237
16.575813669033895 1.1995554396278283 1.5494671866296168 -18.30304981521832 -5.345686440157873 116.49100140816938
21.214817865121834 1.3238741768675824 0.9227342274625843 0 -27.743404041726592 216.0847221152463
14.294653067751733 0.8061904199454035 1.6085865654439913 -40.369815744144006 25.553682619288924 108.2259182174134
5.017171684883494 1.1297114990773651 1.2221460511697217 -15.414243984515869 -10.306260201211243 284.52999806140485
0.7222772595140763 1.557567246516943 1.9566758627787257 -7.681653511204546 -24.538033914915005 311.5158209866328
6.410003459820735 1.7817746976850297 1.676241209328707 0 -32.11425676127859 50.67863451926656
13.497862577794427 1.8744793859601288 2.37509003333461 -24.151413131772635 -5.345686440157873 86.90684019417003
1.5057082898874066 0.9028422363309238 1.567284751005663 -44.221212166778216 25.553682619288924 282.481296901386
13.931698828154012 1.5266308652134928 1.059241163781826 -37.812869303121175 8.089761529194352 12.874644196810463
4.097183237557534 1.4733880499182468 2.769596332108202 -2.6325534018879124 -32.11425676127859 144.81799210604495
7.44457815766828 1.8579742677255466 3.6045247126624353 -46.811065923885586 25.553682619288924 206.92717182478316
14.800532527819254 0.6489637956496772 1.2371317180501582 -10.752993707772255 -24.538033914915005 215.95973304664494
6.20284501154603 1.5626339760152783 1.0644538360068199 -49.827246798371576 25.553682619288924 36.45122467041726
11.405586835270793 0.7127461106269922 0.5444181790374374 -3.6865089160266473 -36.32903058533548 207.81923344191128
8.717020997965369 0.6044554623064768 0.951053498770735 -53.78604743684206 25.553682619288924 293.8487290935916
7.198001511029461 1.5251517527226812 1.3811286670406335 -56.64029617651263 25.553682619288924 196.75258883913932
