1.6634803901940165 1.0082517441393268
1.6634803901940165 0.9221236981130967
1.6634803901940165 0.849803196607666
1.6634803901940165 0.9075592689301076
1.663563495098048 0.9148052196783281
1.663563495098048 0.911385233559992
1.663563495098048 0.9164193493085425
1.663563495098048 0.9609014653625825
1.663563495098048 0.9336869396807284
1.663563495098048 0.9020835427583938
1.663563495098048 0.9292027477547349
1.6711140353933287 1.0036556656579547
1.6711140353933287 0.964434264940652
1.6711140353933287 0.9602533992769309
1.6711140353933287 0.995113229058749
1.6711140353933287 0.9756315866934508
1.6711140353933287 0.9601707745895538
1.6731429686090258 0.9941589642714588
1.6731429686090258 1.005691047900948
1.6732840972073137 0.9954886631906553
1.6732840972073137 1.0131708404122823
1.6923182384673434 1.0053754415762712
1.6923182384673434 1.004030685964787
1.6930501744295925 1.0119812154402088
1.7007437958188871 0.992899340341789
1.7008023810327653 0.9668413868948856
1.7012448584947715 1.0231132935000788
1.7016017787100512 1.0379921267681465
1.7038271065048702 1.0647266476557793
1.7038271065048702 0.9960287367473847
1.7251717370819875 0.9983409949539512
