1.2163955997042368 0.7262982428854056
1.250442735520001 0.7241684630161638
1.2583590470641315 0.733889244594084
1.2782941618999704 0.6375625473967722
1.29002271631239 0.704839296531107
1.3205611778041597 0.7339735187879092
1.3389066313813573 0.7712625265594992
1.3611290575828972 0.862696841206892
1.3835330580838998 0.8473620982434308
1.3952162856779335 0.7930081949164619
1.4118248918722263 0.8347700137825539
1.430054297316653 0.8001388469280929
1.434288326964128 0.8002764132296332
1.4403618201025294 0.8226351581684599
1.4486609237492392 0.8594682776113809
1.4548114851436922 0.8028030375261628
1.4627583331325527 0.8397977480777963
1.4697019883947187 0.7950061572435907
1.4734558123365888 0.8146749038048648
1.4785834483757632 0.8010028016454512
1.4818880018396539 0.8059599500102452
1.488800740612448 0.8262464365534297
1.4914695882689064 0.8262925680537623
1.4992616776310141 0.797954996078306
1.5051983333396004 0.7967197609030001
1.5098911915401243 0.7955999683160296
1.5163274173223469 0.8025999751223615
1.5239482510377647 0.7849696827813429
1.5276544794216473 0.7739164525855038
1.5304873459138062 0.8081512006065146
1.5386630716077274 0.8215670123757806
