0.0 3.0 10.0
0.0 3.0 0.0
0.0 1.0 -3.0
2304 1296
5.645328852859308 1.9718579714537452 1.7746481609473341 0 23.33095851945439 243.00031114580665
19.50568415143374 1.3271089077616844 1.235609747019709 2.3731359001467887 23.33095851945439 22.18670069948398
21.283477734767544 0.6536280774850441 0.5364986750357142 0 17.94586681965019 118.30759745396978
1.9227743356334681 1.9200268160421765 3.330892336448667 0 25.60861112902307 200.07921135385487
16.09414456725518 1.6898853363057575 2.8312257874901237 5.017926856101995 23.33095851945439 20.689871850921584
2.646423530686054 0.8307222506783966 0.8848024333126715 0 27.67931505654906 2.073306797276935
17.112029006454236 0.8354980865111464 1.0897747524545958 0 12.284569613970657 359.71788215681056
2.7301659421927966 1.4390545824581076 1.4713566001240006 3.952367595710899 25.60861112902307 103.56938932936039
1.3155592923730262 0.9269770785637086 1.3421536529144615 5.377207509530269 17.94586681965019 166.11116711199477
0.45269643567751267 1.416240067988773 1.9855801962543393 0 14.031055634566965 63.340076422494256
7.011447487185135 1.9013799998308911 2.865434124643884 8.513492382856239 23.33095851945439 28.82004052931386
1.748787781599382 0.9116738401681677 0.46907052672855304 0 8.757480749956915 242.23504659183075
16.09414456725518 1.6898853363057575 2.8312257874901237 5.644378378871381 12.284569613970657 20.689871850921584
2.3091396319224415 0.6072858766156506 0.40457734937145184 8.347400136089988 25.60861112902307 265.48968651931
15.314709329040394 1.9025500652572749 2.7708589132405455 0 11.20367867226642 44.21190095319296
2.6563193302655312 0.7127081956481811 0.44479520179569737 -2.541145380394 14.031055634566965 37.86508218350398
5.500472966058498 1.7422128005428736 1.737017263559139 0 25.194994489151124 81.45509215765397
10.442562598612922 1.212254470433165 1.369864201305299 0 29.722539748846884 168.4237369826628
21.21426605836957 1.878084091834991 2.5768734812288305 3.2885526101644373 8.757480749956915 346.74980690910803
21.320025973863626 0.9295447735965485 1.6605469672231277 0 3.7965056758658458 199.5592317693669
14.51780080945563 0.8615101832845153 1.0273939637785328 -2.62277352423155 11.20367867226642 157.4346826673205
16.441856913939475 0.6273299593936059 0.6569307150089746 0 5.313233021299139 269.4257571252007
7.17186714085193 1.6609250860668225 3.192359006969576 -3.163958215149679 25.194994489151124 303.25973486428893
19.373115603498054 1.751685752880195 2.1820806997781865 12.875426592051452 23.33095851945439 39.5259893473316
20.00189745875378 1.7964788601984416 3.568689841924115 -8.492334452280435 14.031055634566965 322.3909346180439
13.89619516826147 1.7038054089807084 2.7405851641423316 10.391245389740158 25.60861112902307 75.53325916414413
19.08122387484296 0.9406965921459035 1.0250126574498626 6.841888713611532 27.67931505654906 317.01435016884227
12.439583971004273 1.552472411146372 1.237626105333292 -2.776581046851261 5.313233021299139 96.51566942691878
18.704505901224632 1.9698773167078123 2.4486652985952566 -5.496951683791828 25.194994489151124 270.17686797637674
16.83410857144244 1.677884655363411 2.2887357360054943 14.200046395928071 25.60861112902307 73.05445201123506
13.652033686977676 1.4881010725343817 2.2418146329556614 -2.6728087439034476 29.722539748846884 117.48062113076251
7.7636004666090175 1.626865235108479 3.187376908788866 0 -0.6258878018545184 145.28242608828518
2.8822384105139607 1.6058117324544874 1.3411094863939754 0 3.100127248121787 180.4517354180697
5.046144694493041 1.9957524906288941 2.5709225772136066 -12.835823973921794 14.031055634566965 67.54127615159587
5.815406550663408 1.4365224016758706 2.4953760308317054 5.34559850531536 3.7965056758658458 60.179869306938116
17.31910181430205 1.3390490755515037 2.1938605928649966 12.108594257541386 27.67931505654906 118.78007182240883
9.830210575677572 1.3142675337397325 1.9742026182721084 -8.105008422358827 11.20367867226642 311.78053043466906
17.43223390662484 1.6544353727364558 2.0129750852643156 18.044310020766446 23.33095851945439 15.791102301133018
6.819633527165092 0.9529841271628492 1.15778972540478 4.860777663204589 -0.6258878018545184 265.32718142307647
3.7318205206448787 1.0767380639140922 1.09417739618653 -2.879324125386495 3.100127248121787 190.59567934775876
19.693668721819908 1.943003114153634 2.7273181883865623 14.4735150842174 27.67931505654906 127.13666067352985
0.8725323942878289 1.4901837852046036 1.4583930489843153 -7.511245513051955 25.194994489151124 272.05576795608107
13.652033686977676 1.4881010725343817 2.2418146329556614 -16.442905327445807 14.031055634566965 117.48062113076251
11.072109965380351 0.8728600494911939 1.493262835654463 -13.902143433804383 11.20367867226642 275.7572251074233
18.704505901224632 1.9698773167078123 2.4486652985952566 23.60786341180359 17.94586681965019 270.17686797637674
0.8725323942878289 1.4901837852046036 1.4583930489843153 17.05749886889119 25.60861112902307 272.05576795608107
18.742928206303922 1.7027306196546725 2.3578154321464737 21.326416324984002 23.33095851945439 295.98887791638157
8.524817174655453 0.7108040746825097 1.1034855267179162 9.51764291799505 3.7965056758658458 235.67393178199634
18.285646761668648 0.6241228647511702 0.3769227411158891 -21.70179920172491 14.031055634566965 355.03289651490695
17.28852399106468 0.7348438117137188 0.7984157554235525 -8.018129964941483 3.100127248121787 17.773799066430193
9.214604569528621 1.8630724102117582 1.7231887237325347 -9.809917322671325 25.194994489151124 205.21230925711006
16.173387259400965 0.767130038134325 1.4612228247062562 -9.45455167833364 29.722539748846884 234.3493439849141
10.442562598612922 1.212254470433165 1.369864201305299 0 -7.755468934174527 168.4237369826628
21.39236254680462 0.869478699240735 0.7182284115068093 5.377207509530269 -3.227923674478767 99.29689208576565
19.095246484366086 0.6776358260129769 0.5671277786867536 0 -4.7736499652701525 151.5348268739843
15.359415847112356 0.9075335684220882 0.5169067584072788 24.205123801482138 23.33095851945439 210.97336276413074
11.22473690951453 1.8341896631251013 1.0056856783376735 29.404998423249147 17.94586681965019 266.44200145308184
11.96319869723323 1.012605768145835 0.8884783559726214 18.799707442722045 27.67931505654906 357.84055872035304
20.042216010333956 1.2842650967697604 1.3144332236923926 -10.820623764548259 5.313233021299139 108.3250295510834
12.909503811522303 1.021461669427309 1.6882313593842224 -15.18495097219602 25.194994489151124 104.24516900683577
9.110512636692794 1.5597358084004678 2.6348716991215677 -13.561607353963707 3.100127248121787 197.09687974206318
11.289212728626858 1.4827085512446332 2.8501596628060564 0 -12.013680560762866 84.95540880995557
16.55775924794928 1.6036945661216797 1.3030278303640235 2.6728087439034476 -7.755468934174527 215.79422324122496
7.662212845815472 1.558854718122133 1.0058112302537745 -25.426700962730855 14.031055634566965 102.62995846603914
16.849189755775807 1.0935369139035598 0.5474245461394229 -12.43159577297157 29.722539748846884 195.0155627422653
6.0955177452267675 1.2842893591934923 1.1177777168363756 -14.341643301167466 5.313233021299139 178.6602063426573
4.9995080672755545 0.7772854161168862 1.430506432637008 5.158819011887998 -12.013680560762866 314.62885535371095
6.189216136687197 1.0697574411425241 1.6389546475917525 -16.842219990111207 5.313233021299139 264.3149645823123
9.83695974611213 1.8097811083158704 2.6646820181328024 -14.920741848202162 29.722539748846884 315.02751160958877
10.730166307265952 1.7456478665182957 1.5851601564050368 0 -14.430070932741806 42.364049546259295
21.39236254680462 0.869478699240735 0.7182284115068093 6.648429761584432 -7.755468934174527 99.29689208576565
16.173387259400965 0.767130038134325 1.4612228247062562 9.45455167833364 -7.755468934174527 234.3493439849141
0.09717871825780158 0.8124214688791597 0.7676654983570549 0 -19.937336118379505 64.4839303618045
2.6563193302655312 0.7127081956481811 0.44479520179569737 5.377207509530269 -14.430070932741806 37.86508218350398
18.65812647616057 0.8330065450946924 0.6500398482012183 -21.189360885244817 5.313233021299139 275.6146712529695
3.891489474541343 1.1106522706010469 1.0941511147922602 -23.76792711138775 5.313233021299139 286.55325904733667
16.09414456725518 1.6898853363057575 2.8312257874901237 14.417121463655654 -12.013680560762866 20.689871850921584
18.590199569565833 1.7653007092275375 1.6377516848570086 -24.731714909673187 3.100127248121787 298.4330205459824
15.327055185995933 1.6741721644636107 1.6041108222238867 0 -24.95237184872589 280.08566039779043
14.481763214245719 1.7522229243756016 2.736432923123544 5.67864836714905 -19.937336118379505 60.547425548822595
19.33759155929158 0.7226993873237443 0.9498936685014029 13.16626351708481 -7.755468934174527 249.8148219098278
18.704505901224632 1.9698773167078123 2.4486652985952566 23.60786341180359 -3.227923674478767 270.17686797637674
17.31910181430205 1.3390490755515037 2.1938605928649966 -29.99842045360304 3.100127248121787 118.78007182240883
6.0955177452267675 1.2842893591934923 1.1177777168363756 17.93814100027486 -12.013680560762866 178.6602063426573
18.272076080922783 0.6490195029510797 1.0771093203569297 26.999413242997825 -3.227923674478767 163.33383445869214
2.3170080106383475 0.8038237019044839 0.47976511023343876 -27.068344263664322 5.313233021299139 48.37455235288735
9.83695974611213 1.8097811083158704 2.6646820181328024 15.655409592315403 -7.755468934174527 315.02751160958877
10.369395291415154 1.4845254833992625 1.8250503458833987 0 -27.974733588341202 260.47228157683156
2.217568802150361 1.260865224455951 1.0941720700943816 5.184965669977883 -24.95237184872589 102.20804597533274
22.703629452907094 1.2094539847810306 0.7025692112219923 8.977399747274182 -24.95237184872589 204.4119780532034
6.189216136687197 1.0697574411425241 1.6389546475917525 20.438717689218603 -12.013680560762866 264.3149645823123
6.267546889504144 1.629506408479508 3.1292901310841263 0 -31.712093401771337 24.238779654527335
20.442593871926785 1.017572917925544 0.6195866989453767 5.118999274209253 -27.974733588341202 328.5200648646976
17.983169731517197 1.5222707530387485 1.7720873633564616 -30.9337363937872 5.313233021299139 217.91325980825798
16.09414456725518 1.6898853363057575 2.8312257874901237 19.866038204519 -7.755468934174527 20.689871850921584
19.693668721819908 1.943003114153634 2.7273181883865623 -32.36334128027905 3.100127248121787 127.13666067352985
0.31913674438211675 0.9107617697380667 1.518306564352022 25.303120208735514 -7.755468934174527 306.15113846498633
7.122811773116289 0.6102702671748887 0.3308451417481763 10.461875177677115 -27.974733588341202 136.3195462071545
15.811644694141622 1.7519810564492708 1.2297301269942038 3.4357704002949547 -31.712093401771337 355.8387502457388
0.8725323942878289 1.4901837852046036 1.4583930489843153 33.47518831504055 -3.227923674478767 272.05576795608107
11.96319869723323 1.012605768145835 0.8884783559726214 -36.6895336387837 3.100127248121787 357.84055872035304
9.985405083515667 1.2952222135165266 1.0527613654695287 0 -36.46287923133532 292.7469609681146
14.481763214245719 1.7522229243756016 2.736432923123544 24.785858584352212 -12.013680560762866 60.547425548822595
19.693668721819908 1.943003114153634 2.7273181883865623 11.342320573950197 -24.95237184872589 127.13666067352985
18.704505901224632 1.9698773167078123 2.4486652985952566 23.60786341180359 -14.430070932741806 270.17686797637674
19.095246484366086 0.6776358260129769 0.5671277786867536 0 -38.9273071089095 151.5348268739843
11.96319869723323 1.012605768145835 0.8884783559726214 15.668512932454842 -24.95237184872589 357.84055872035304
3.891489474541343 1.1106522706010469 1.0941511147922602 13.040441403820045 -27.974733588341202 286.55325904733667
5.994706068938983 1.182839357890531 0.8872775307485127 30.080985342022245 -7.755468934174527 18.107472319008544
2.3222460366698034 1.4837623447556443 2.0855255009058915 2.6053052886181756 -36.46287923133532 121.02855600809148
18.742928206303922 1.7027306196546725 2.3578154321464737 29.404998423249147 -14.430070932741806 295.98887791638157
3.891489474541343 1.1106522706010469 1.0941511147922602 29.610151669539526 -12.013680560762866 286.55325904733667
10.615494249598868 0.8728292638754137 1.1190234560638206 9.36314615021498 -31.712093401771337 232.53076222335721
20.678021222801398 0.8333576831941276 0.7819481078886833 15.09024572448402 -31.712093401771337 35.46816876212966
16.621112093277556 0.8799408657403551 0.9525994172333754 34.19425841083337 -7.755468934174527 206.58487687385397
1.3155592923730262 0.9269770785637086 1.3421536529144615 7.901758928898026 -36.46287923133532 166.11116711199477
2.3170080106383475 0.8038237019044839 0.47976511023343876 32.9105688218161 -12.013680560762866 48.37455235288735
2.3170080106383475 0.8038237019044839 0.47976511023343876 16.340858556096617 -27.974733588341202 48.37455235288735
12.779306159465278 1.4703477346554363 2.2596003385260235 21.06837323134625 -31.712093401771337 262.9329905508638
20.76962761951355 1.2210062397626824 1.4285110366539202 39.36203379669175 -7.755468934174527 146.18803437653435
17.983169731517197 1.5222707530387485 1.7720873633564616 20.206250686219494 -27.974733588341202 217.91325980825798
19.50568415143374 1.3271089077616844 1.235609747019709 36.77596095193898 -12.013680560762866 22.18670069948398
11.390300272339582 1.9252291861878277 2.8690130852483895 23.136663962572385 -24.95237184872589 53.14496036205783
7.932742596806648 1.3220446433053668 2.2056581866699942 24.95412923792886 -27.974733588341202 146.9499825745174
20.07231648265044 0.7367282623775311 1.0383250237935515 49.92892940034353 -7.755468934174527 132.39539642019963
12.833428871592824 0.9750805214083762 1.9338813233331646 31.932581573646935 -27.974733588341202 76.10602504854738
2.6466705079025883 0.9289309025323342 0.6830048739852038 53.385900042956436 -7.755468934174527 302.03629628446004
18.704505901224632 1.9698773167078123 2.4486652985952566 35.545255668930835 -27.974733588341202 270.17686797637674
