0.04580833981423162 -2.121886038539852
0.340468650006095 -1.5243363372156835
0.3906169405418034 -1.3629625191305264
0.44400899768555424 -1.343753836276773
0.5015810565069928 -1.5230431574737815
0.5175162465762188 -1.5564947398088609
0.5311240116674643 -1.5818500782768818
0.5558638634337993 -1.7170217090893771
0.5667041432948641 -1.8283720657105762
0.5816460503610066 -1.6809682112700477
0.5900828292574009 -1.6617841546587395
0.6136817003983841 -1.7507344991770522
0.6226139545578946 -1.8130429299023838
0.636911072488053 -1.8404530839871038
0.6451187573909601 -1.7844624379205394
0.6487687945702267 -1.8381221926507907
0.6619785004735296 -1.7590086996166603
0.6727609170305928 -1.8570874022147559
0.679368484478797 -2.2922447799600842
0.684086607546811 -2.2569678172720375
0.6883977674404058 -2.191480971689055
0.7010028184179433 -1.9958793869342815
0.7022696148447528 -2.196413644891789
0.7044705136872904 -2.2394969853860713
0.7052308048087678 -2.288416270562597
0.7083640196853009 -1.9792460167774932
0.7093215812941182 -2.047572282773781
0.7125371546558141 -2.2264623435624924
0.7126757771604313 -2.0711828661981175
0.7136866551171782 -2.212665758781996
0.7141569053059181 -2.328003446236541
0.7180415344160754 -1.9079215546843293
0.7192731420532512 -2.2397878873314836
0.7206540354646302 -2.1727861158023174
0.7221319646292412 -1.969804359850451
0.7230809956223898 -2.1689086730261598
0.7241594461076073 -2.2697956138181286
0.7251799210069815 -2.086834466801179
0.7273637586181817 -2.3798577200837245
0.7282040242615536 -2.321200612686735
0.7286479219594042 -2.056336742700317
0.7288665189859159 -2.335053892154248
0.7294796569871074 -2.115852892982868
0.7296577335891925 -2.3799228857301387
0.7451791887984841 -2.1650316049196263
0.7460604265280011 -2.182622722309042
0.7482513886362528 -1.8850279501093163
0.7484323585361383 -2.1609745957650337
0.7505430814403107 -2.1600951966658597
0.7518503982915468 -2.147392898385961
0.7529590421300445 -1.8001890149355668
0.7531061952503305 -2.289171522311929
0.7537182669245633 -2.3190755400690093
0.7537182669245633 -2.732852755872352
0.7537182669245633 -2.6205675926940835
0.7538451021009966 -2.5405414425256967
0.7539773266438622 -2.8658543758857102
0.754088224647556 -2.220121587088911
0.7543302333269141 -2.4299846709663684
0.7543323659808313 -2.5987800329055433
0.7625346477326904 -2.508953438565137
0.7629867703631342 -2.248581667635746
0.7646619700150851 -2.4795270629319344
0.7694892321566393 -2.4108314938259365
0.7709829762560552 -2.5366309534545124
0.7726154039496426 -2.3934398635543026
0.7726196692574769 -1.9888111192578262
0.7743353893338545 -2.6949770053986923
0.7753082529497257 -2.5576448093639663
0.7767765851717094 -2.2008872033330924
0.7767765851717094 -2.3005571612803895
0.7927970813976228 -2.3308923057784687
0.7934656684006611 -2.4537370335985207
0.7935573725191002 -2.309780871287834
0.7945735821106401 -2.245856751484763
0.7962498480895496 -2.0320010234251713
0.7962498480895496 -2.3174467387348114
0.7963628787471606 -1.9007213178571079
0.7964161950950902 -2.306349814677519
0.7970623892319981 -2.133043639590626
0.797727257669406 -1.8041096140782815
0.7981164670092927 -2.152361233888293
0.7981164670092927 -1.917799843489066
0.8011171110707758 -2.152154375346501
0.8014018203687203 -2.430976860485431
0.8014018203687203 -2.350916705657334
0.8014572693705672 -2.236293798523771
0.8014817948906148 -2.1856791457628884
0.8014817948906148 -2.2631127399114352
0.8020885349300547 -2.2082777162237606
0.8020885349300547 -1.985843701885228
0.8021055961613922 -2.2596370287657113
0.8021839066571407 -1.897273465655706
0.8035264122980103 -2.3214824320538288
0.803631364001671 -1.4535386021298344
0.8039405410880238 -2.1691725666807287
0.804000255397705 -1.9656446241727819
0.8089370707491941 -1.7229854366531652
0.8089370707491941 -1.9945381757856993
0.8089580610899262 -2.2949105766176077
0.8089719233403879 -2.499263858520912
0.8091723928086035 -2.0194139055964606
0.8091787907703551 -2.0595990136625733
0.8091787907703551 -2.169937274740859
0.8097636779112126 -1.7106015279692761
0.8097636779112126 -1.8825676280389714
0.8097636779112126 -1.975954495195865
0.8102040709451119 -1.9132747213748298
0.8105408842265586 -1.9151550506372295
0.8108362567940891 -1.9456780909675486
0.8108490527175922 -1.9882958247829308
0.8109642160291204 -2.0623943249725487
0.8114872957154007 -2.1997948227213415
0.8114872957154007 -1.8395326891752444
0.8114872957154007 -2.2755827478715105
0.8117488922100926 -1.8291443031904613
0.811900310638213 -1.898069425625236
0.8120009393023999 -2.075047783394187
0.8125863528026679 -2.3008114344542987
0.8125863528026679 -1.9379376268429565
0.812706847748989 -2.2707095181021155
0.8128838580241156 -1.9551174799297764
0.8142827941047021 -2.0550491827789608
0.8145056564390482 -2.1499837478543298
0.8145056564390482 -1.9893836489905405
0.8145056564390482 -2.498903957804754
0.8145632380948122 -1.7432641280774994
0.8147583759282349 -1.8359202632084552
0.8147615749091106 -2.0042878859474276
0.8147615749091106 -2.0888065098727027
0.8147615749091106 -1.9969388241674424
