0.18552200432387478 -0.8774123484571102
0.2965151799070298 -0.8069665702144674
0.42349872379451126 -0.7567897019860479
0.47980369963008485 -0.8464599668981795
0.5022301791803833 -0.8764940518544023
0.5619261604910742 -0.8551864479357678
0.608724875106458 -0.815637181201258
0.6705112434097447 -0.8270062541314706
0.6828076470464743 -0.7875145340934924
0.8119598550943431 -0.751606542419614
0.8543488602102656 -0.6752578503346138
0.8731188757712958 -0.6433386265746002
0.9724675115618904 -0.6362910786041897
1.0055474811763219 -0.7196586969932371
1.0196081161299897 -0.5932436624689178
1.0323439476671674 -0.6572894448056193
1.046564573759227 -0.5908984593935815
1.1061440893569385 -0.5876990280124221
1.1157580954552893 -0.5085492758206307
1.1384222391890046 -0.6127886438714097
1.1588463805796938 -0.613612005587133
1.173401030946501 -0.4987729533550578
1.2004062178486932 -0.5288114576585812
1.2313804775323034 -0.5589647575987118
1.258050390017394 -0.5159641678712121
1.2610708270662103 -0.5618300732294061
1.274240371775209 -0.5161512355874162
1.2888841510357454 -0.486233644169591
1.313049025607027 -0.5065524243243054
1.3166018809090057 -0.5914152561417179
1.3459458339586807 -0.4339794958100832
