0.10504235137396345 -0.9142026789977467
0.16638438728911187 -0.8215175786661997
0.22736314146674896 -0.7936516847073032
0.32875014752865694 -0.8370128662513041
0.4169935277133011 -0.8303292834311634
0.4459563007260867 -0.7171309992044416
0.4820970289303351 -0.7541455234707196
0.5124786108315876 -0.7214568285104361
0.5581957753522858 -0.7619025242237574
0.5971034067124589 -0.7771153929926665
0.684981054654456 -0.739855844543311
0.7633766620528767 -0.6230613762085864
0.82004339145448 -0.6815218650614393
0.860860223030551 -0.6378587616645465
0.9089486583616238 -0.573485633255154
0.9464119999278203 -0.6152769535221871
0.9729217467211361 -0.5197154790827517
0.9806256483856224 -0.5313986776871522
0.9933135839692244 -0.414048361477
1.008359357482289 -0.495438228527896
1.0397834110943367 -0.5482242398010411
1.0683924108252492 -0.5553756391864312
1.0979329724463 -0.5311981673462893
1.1109605789420742 -0.5026964521583703
1.1259380258301772 -0.5536547234629291
1.1429895661931828 -0.5669919334241006
1.1553099744650983 -0.4748335349223771
1.1676767635436651 -0.534495497597305
1.1788693728861337 -0.5052803287115768
1.1873338284406811 -0.4171996058226252
1.204781505241021 -0.5210562615575506
1.2136736559938406 -0.35087563597573945
1.2349008720749346 -0.46849275380758965
1.2404361064777345 -0.4593255109066645
1.2502491454739806 -0.5500446170030688
1.2804324348647138 -0.5426602557173054
1.3245537204891469 -0.5087495779757463
1.3392876170615446 -0.4855850345082057
1.346085371902415 -0.47373791397201975
1.3568246377689044 -0.41073035914709327
1.369395855805906 -0.5432748096499376
1.3794934652316195 -0.45048811214008516
1.384181403393998 -0.47235848957123033
1.394525099848568 -0.5607690843873587
1.398585684362191 -0.5074249490092384
1.408332538722381 -0.4152243703979196
1.4217466772160978 -0.4235303828682443
1.4342952858051357 -0.42913167101982763
1.4495709141965796 -0.5405349946641151
1.4563018550785989 -0.48238552409995994
1.4595654867914185 -0.4701527605296951
1.4681175437540126 -0.5575965833390549
1.4682133919687796 -0.6709218819758581
1.4689154801419486 -0.5460038910762216
1.4742118662865649 -0.40977805263557016
1.4794024319498487 -0.49637139398724295
1.484113480452704 -0.42755862295653735
1.4866700324160327 -0.6381948078233831
1.4915175094608633 -0.4950567057240654
1.4953217854895433 -0.5496052597708804
1.5000364509295785 -0.41867946882707885
1.5031487942389026 -0.5912841644023316
1.5057993370832359 -0.5798480748582809
1.5091329194129666 -0.6346294588848513
1.5416758311773795 -0.41984882561588693
1.5436047764995675 -0.6240508613164455
1.544290091235152 -0.5295066434214174
1.5529233955984567 -0.5669062864698153
1.5529233955984567 -0.31144099035721673
1.5544573409496398 -0.5088422836667369
1.5544573409496398 -0.53524402621434
1.5550635809080418 -0.4907601908092444
1.5660868172590898 -0.4220064694035078
1.5663650654419505 -0.6450098915912192
1.5693123980460386 -0.47448185746184746
1.5702301447024336 -0.3311745402367095
1.5702301447024336 -0.39818887739447834
1.5702301447024336 -0.7821135205343652
1.5722055600257243 -1.0319768095396835
1.5722055600257243 -1.2366421306985287
1.5742399028858765 -1.0331914909111943
1.5742399028858765 -1.1459665043876983
1.5742399028858765 -1.1576040466809623
1.57501627342549 -1.0526741357742166
1.5758766553330428 -0.9932601249241775
1.5767344968552082 -1.261375934694652
1.5812336308875916 -1.0228149317492246
1.5812336308875916 -1.201969797963548
1.5812336308875916 -1.2101838249410575
1.5828079378151412 -1.1585948113471018
1.588222484595931 -0.9230140932580836
1.5886466129462753 -1.2799543778117337
1.5889461386174224 -1.2368869661657544
1.5944478664743333 -1.0361063221608422
1.5944478664743333 -1.3748602486438657
1.5965870106977484 -1.0793192518790318
1.6011493857206625 -1.1378715109746484
1.6015495520173149 -1.211873228406385
1.602885019222574 -0.8044607987825046
1.60725736941634 -1.0047590675867237
1.60725736941634 -0.7709574807569884
1.6155023357286122 -1.0995308171313984
1.6171293591742837 -1.3443309226428286
1.6171293591742837 -1.3085568127996712
1.6171940567192515 -1.304986595091263
1.6176249826663505 -1.1714198374202254
1.6176249826663505 -0.9873542677341556
1.6176249826663505 -1.0391087394097562
1.6176249826663505 -1.2583452308346188
1.6176249826663505 -1.3795305801439675
1.6176800953898416 -0.9529920226491871
1.6176800953898416 -0.8522559952031936
1.6176800953898416 -0.9469282351850875
1.620696819027869 -0.541442709392295
1.620696819027869 -0.9984078400535277
1.620696819027869 -0.8375603945805047
1.620696819027869 -0.4923256939514482
1.622982798950064 -0.4191998449872293
1.622982798950064 -0.5438340971111606
1.622982798950064 -0.3184233023754468
1.622982798950064 -0.4149801526896814
1.622982798950064 -0.5397459331954164
1.622982798950064 -0.890710244517946
1.622982798950064 -0.2136781320826507
1.622982798950064 -0.16430849877563408
1.622982798950064 -0.0004253136110040937
1.622982798950064 -0.21035853090488438
1.622982798950064 -0.5566313591691967
1.622982798950064 -0.14688046813806574
1.622982798950064 -0.21941393720936514
1.622982798950064 -0.030372934206224868
