0.0 3.0 10.0
0.0 3.0 0.0
0.0 1.0 -3.0
2304 1296
1.3151999006544384 1.545944369437632 1.2132268391678005 0 22.764277568377917 188.74922353866833
10.534484083879397 0.7847018471812288 1.0820899069504113 5.933826269896089 22.764277568377917 90.07932202013592
0.9520917850566195 0.8681571410880249 1.3097065310797478 0 25.13373175836084 127.74953675183684
1.6799541128586735 0.9689816176809755 1.2389814332691362 0 16.891760101467103 70.81444560474843
10.43680440702868 0.6866857899495287 0.934862983163283 5.056707208899914 25.13373175836084 278.5353786972946
8.33639834791477 1.4131832710023913 0.9214596633261836 0 15.179217209481726 338.88401622573514
4.838091320537203 1.9129549189644692 3.4137671289380145 5.869210500009651 16.891760101467103 47.51242459356742
0.923541816500902 0.8558676526498037 1.2245175965873554 0 13.90944991986807 89.11738937370461
14.365012239221294 1.2060392708546661 2.396025147509022 11.64852988617685 22.764277568377917 100.1627869624838
7.420687341907196 1.1107090210635149 1.5459136459966953 3.2818782256597316 13.90944991986807 43.08272447499478
13.883645159240917 1.4197939733394604 2.0001444597401803 9.43596374409639 25.13373175836084 335.35965829803365
13.861548257751016 1.315568182089924 2.204094137738791 11.408777530779298 16.891760101467103 140.1492575087697
1.6799541128586735 0.9689816176809755 1.2389814332691362 0 13.022934047276259 70.81444560474843
7.450840033149466 1.9645234103434415 1.6875241972334796 -5.653256752250821 15.179217209481726 318.4080366117122
9.373024037736384 1.66549560260029 2.571770835180801 0 25.310190283435645 135.93211908743567
19.3859632816568 1.7781078887192496 2.254961722666398 14.564775108333011 22.764277568377917 31.761715902757675
7.873531688640508 0.6550560280520988 0.35309830399023123 -4.56816007119076 13.022934047276259 120.65415301445385
17.055640552513363 1.215924874921817 1.0714643725489954 13.329809880015906 25.13373175836084 314.81854005135403
0.4770516698731097 1.9809785480126045 3.668168316377508 20.561767953224656 22.764277568377917 67.72241459224011
7.450840033149466 1.9645234103434415 1.6875241972334796 -5.653256752250821 25.310190283435645 318.4080366117122
19.25764150292521 1.937130909195517 3.4938016858959693 16.568405332940337 16.891760101467103 34.38626424396776
11.249702725726019 1.210490927838378 1.2334442151376483 -11.302934669273995 15.179217209481726 43.40375000709172
9.347932070046534 1.1696090002569997 1.663639740159796 8.163504873477663 13.90944991986807 222.75909998075434
9.500226528716352 1.4981592068932312 2.4767748960725937 15.667529481372405 25.13373175836084 59.44061966281537
14.365012239221294 1.2060392708546661 2.396025147509022 23.021449239813535 22.764277568377917 100.1627869624838
7.175209552363374 0.6623358991707164 0.8804318353517133 0 6.078438903838462 151.17097906638298
11.943552937454278 1.277601975095331 1.9768884998427187 12.467748809159023 13.90944991986807 106.53952524434325
6.658741268567103 1.0300676437666074 1.143891997960884 -4.832140719768168 8.602662956984918 270.2755717047346
6.753299130146725 0.6599372850012939 0.8219425303520596 -8.27410738342415 13.022934047276259 60.143007867886624
12.872412694731906 1.8851690243602914 1.9008547051779514 -14.876045102382427 15.179217209481726 327.7587848410416
13.362845958590746 1.232760479168241 1.692472801229965 21.65644606655995 16.891760101467103 49.69686199127579
7.060857090159133 1.6292975831453513 2.650341426276035 -11.302934669273995 25.310190283435645 171.48059892266087
8.196984980042123 1.3108383799758834 1.9674052246152671 -13.964201625209029 13.022934047276259 0.032670068098377136
12.39871937670879 1.438776241911451 2.2388506140120743 -17.93379675701342 15.179217209481726 92.40331929330195
8.786528060808486 1.4036612330484122 1.0513294102233401 0 3.469390637283414 92.98472267361564
12.060811921502092 1.5266188955794013 1.2861139312976677 16.809156743804124 13.90944991986807 134.5183474587342
19.607539833156782 1.501526214590396 2.354949611311536 27.55619106895319 16.891760101467103 238.70471746813112
10.350863649016297 0.7788595046760858 0.980213024363491 -4.460302933927178 6.078438903838462 177.73445903557646
7.24578177655217 1.528067479363744 1.5734902122557362 20.025207285702784 25.13373175836084 82.902605339696
12.872412694731906 1.8851690243602914 1.9008547051779514 -14.876045102382427 25.310190283435645 327.7587848410416
13.744645625141983 1.9628811656455523 1.7795629552309964 -19.06865632239684 13.022934047276259 288.18443835440314
12.975520893780969 1.3674441685500578 1.8126840630630678 -17.93379675701342 25.310190283435645 166.43225966505094
6.931570784093174 1.8788092824215616 1.2658244757394477 20.98170453817346 13.90944991986807 293.1294000459232
7.4604113638592064 0.9606241351758256 0.8032768254215485 -9.62763605976468 6.078438903838462 161.01693070750176
20.915624565575616 1.760054299153784 2.4838510178788638 26.747702564777853 13.90944991986807 236.24695376145786
6.180692519766088 1.415319965383856 2.2912730445977614 -24.043672839445023 13.022934047276259 343.6509242232197
3.959626422683819 0.794086516196637 0.6077686387603143 31.673591393138036 13.90944991986807 63.14724736974263
14.080499485511977 1.9867942058709782 2.5170740055746013 -17.508290556720404 6.078438903838462 64.58921457773725
12.975520893780969 1.3674441685500578 1.8126840630630678 -23.649083769311037 6.078438903838462 166.43225966505094
6.9969726880720655 0.8161393960998151 0.7430462945061218 -33.12646710827406 6.078438903838462 3.027537006778931
