0.33963524208736556 -0.7393915730579922
0.6243345862292806 -0.5189153598041654
0.6894633275205247 -0.37799099936957015
0.8184083152398564 -0.4206237510063931
0.8825454508086564 -0.4449060175717788
0.9315515612717723 -0.4706218340671672
0.9889660779780219 -0.44104628680214225
1.0977048248104029 -0.5140730805385042
1.1098791706694526 -0.4997767222684824
1.1421495166820774 -0.4361037831945279
1.1725163734654374 -0.4479823841402694
1.1905336472828496 -0.45330541157032567
1.2247578843745144 -0.4488991225843308
1.2442637622699655 -0.4873203064374318
1.2679609501758677 -0.499860529277177
1.313444801855748 -0.48518471488942877
1.3409415213360705 -0.5346257746917447
1.3602992986077624 -0.5437559335257395
1.3697794988602565 -0.4471552075717749
1.3885841967813288 -0.5221454116430395
1.3986061570497277 -0.5673469109108066
1.4131326235233588 -0.6108690342970708
1.4260496083989227 -0.5840553181584193
1.4356000464352288 -0.493210596361785
1.4501697519849415 -0.5333846067669942
1.5117659846813352 -0.49007379139457374
1.5214933023712423 -0.5506934297040679
1.5377367183995228 -0.5474980882112293
1.5488610605896973 -0.5224560022144787
1.5581788368376288 -0.3981013534421551
1.5726863250982486 -0.3766555340601149
