0.0 3.0 10.0
0.0 3.0 0.0
0.0 1.0 -3.0
2304 1296
11.021256817817267 1.1481669684402445 2.1234597445220977 0 23.841950602276853 77.90467667330928
2.495152968310114 1.89882688174279 3.284982750949109 0 16.513543497955034 219.8200510627817
1.3397658633013299 1.3659680948832906 1.1725883286201626 3.0096625717070937 23.841950602276853 170.88342019751553
7.854250247341147 1.8022345500922206 1.6584922127963257 5.351256944498124 16.513543497955034 6.165021154784025
9.709888572750664 0.7348831964697448 0.9599956555243393 0 14.212501368277874 352.0186818395388
8.514078938919992 1.6386050367357694 1.077590614274275 0 13.226504889618406 242.44100001074995
8.864477739968695 1.7864858176688032 3.190553048050369 7.650400142525282 16.513543497955034 241.95891960052722
1.06336125029457 1.6612391530221093 2.7462371943818327 5.599855261513683 13.226504889618406 61.68422329252506
4.128550585271466 0.9532357325773081 1.8555080532071513 0 8.22022954546565 160.1953218359753
1.5032573801082656 0.9394775389054347 1.2474849453222019 5.788303489503027 8.22022954546565 237.6830247280271
4.099914353190335 1.1207813868260499 1.4404305092158054 0 26.2481224853851 149.42876896013516
8.864477739968695 1.7864858176688032 3.190553048050369 -4.281681350300484 10.141026521795297 241.95891960052722
4.380928326257724 1.9194166870637723 2.829533596960339 9.862674938361621 16.513543497955034 187.3677459415228
0.13758345179696735 1.8970425877672663 3.2308355874760553 0 4.132075230206574 1.1850446531383962
3.15744022366911 0.7816506451114278 1.0590578674338278 8.259551645652666 13.226504889618406 288.54518615321734
7.148761451065061 1.8823379971658647 1.6279074227375165 -3.6266692019753903 23.551654605265263 347.14735668063497
1.06336125029457 1.6612391530221093 2.7462371943818327 5.141638155637933 4.132075230206574 61.68422329252506
8.864477739968695 1.7864858176688032 3.190553048050369 -4.281681350300484 26.2481224853851 241.95891960052722
11.247693526837345 1.5466481791032711 2.407840971826526 -9.560633460568976 10.141026521795297 270.2548414730346
13.757243008997394 1.420183080881799 2.344013536474775 10.48611523144168 8.22022954546565 45.953984452998846
15.078907155674434 1.1812976999561076 1.126599668791822 -8.905621312243884 23.551654605265263 301.8327236972832
0.768077805255057 1.9000569658395308 3.6900824055088024 12.232339184959788 16.513543497955034 84.73239131368335
4.3052048782864905 0.8177895053176265 0.5871373351135026 11.617925334200402 13.226504889618406 317.1563446843171
11.247693526837345 1.5466481791032711 2.407840971826526 -9.560633460568976 26.2481224853851 270.2548414730346
7.219747203890745 1.6731524942708524 1.4915993396138552 16.0077517719035 13.226504889618406 349.27352811740354
4.181682396545847 1.9756955303842105 1.4998684648275804 10.799396319597673 4.132075230206574 176.804304383863
12.848845738868862 1.388584295080904 1.637026663618699 -12.641025156672326 23.551654605265263 221.57451980907967
12.848845738868862 1.388584295080904 1.637026663618699 -13.296037304997418 10.141026521795297 221.57451980907967
17.154322300185513 1.9879466686301588 3.3209420547410553 14.143925988624739 8.22022954546565 16.557927503215026
0.4876183576025659 1.168350815592623 2.2952330153748686 16.571400636990237 16.513543497955034 340.4390063665445
17.154322300185513 1.9879466686301588 3.3209420547410553 15.071118924721498 4.132075230206574 16.557927503215026
12.848845738868862 1.388584295080904 1.637026663618699 -13.296037304997418 26.2481224853851 221.57451980907967
6.168883329141413 0.9046724315381311 0.7007143461410408 16.753430446046053 8.22022954546565 214.41945184672795
18.55615202769321 1.8697785585760158 1.7958642291247966 20.743706805577013 13.226504889618406 358.3960843618791
13.53621579178741 0.9380483460510188 1.7886534999603085 -16.408326110517983 23.551654605265263 294.6448571652388
8.969839069933883 1.2402828639873682 2.2657858943427 18.819498047196525 16.513543497955034 175.19475311438438
12.581577164785568 0.8807390947772682 1.6595476920219245 -17.063338258843075 10.141026521795297 92.3821162914333
11.670931355372996 1.9873930507680786 3.3904737915852503 19.368402686644487 4.132075230206574 118.4032517958181
17.154322300185513 1.9879466686301588 3.3209420547410553 19.28655763873258 8.22022954546565 16.557927503215026
21.008653052818936 1.7611040203110597 1.3905520549571828 25.360999295050384 13.226504889618406 82.95537174124856
19.32197939583273 1.652378605263325 2.0356458194759024 21.65616844197513 16.513543497955034 359.5739320259643
10.596187282350666 0.8811821850542154 1.6778885500422194 -17.063338258843075 26.2481224853851 272.56094267843764
12.529387956813547 1.60521417508618 3.150624790245153 30.417094872234983 13.226504889618406 19.46318487975731
9.56417312589866 1.4186841388643432 1.9014546890756139 25.082138774910234 16.513543497955034 45.08487833227954
10.473530974065739 1.4182620527415417 1.7538451880832808 24.753650028134885 4.132075230206574 54.889539476546474
5.93487190623395 1.4408605696414212 1.9801036269220538 21.369004199720592 8.22022954546565 336.5166703633309
23.321200040762427 1.4309913963655077 1.9803838460953258 27.17216562737407 4.132075230206574 206.30112379797836
0.4876183576025659 1.168350815592623 2.2952330153748686 25.708065651751042 8.22022954546565 340.4390063665445
13.069360240849456 1.2267427935958217 1.104808032799645 29.461456975418088 4.132075230206574 356.54546319672266
8.969839069933883 1.2402828639873682 2.2657858943427 27.95616306195733 8.22022954546565 175.19475311438438
17.154322300185513 1.9879466686301588 3.3209420547410553 30.792833456735934 8.22022954546565 16.557927503215026
18.456537344065502 1.9047247782647887 1.6115297622537124 34.40593733576568 4.132075230206574 42.80358026495688
