0.0 3.0 10.0
0.0 3.0 0.0
0.0 1.0 -3.0
2304 1296
5.20388146541733 1.2936423536666697 1.129416761663235 0 22.60175187023003 356.78907806711607
6.0907008764114 1.719595109368262 1.699536804394009 0 27.478976648864084 74.23077069540159
4.8236840274879365 0.8021058533537989 0.9005267956608266 2.842410249202551 22.60175187023003 112.34006171179442
0.447203936471035 0.6065016252398889 0.9145900749867552 4.907446998578674 22.60175187023003 133.8132574841485
19.557361504997015 0.6363731138863701 0.36600183317202334 0 16.43732485118183 254.6744401913999
3.6007018134791298 1.254093521776876 1.5847977151075905 5.995120313482987 16.281249343143706 21.969284975918143
2.8881367359907006 1.3339816767033175 1.0283461927858633 0 10.499457123227135 219.5668152470472
2.8881367359907006 1.3339816767033175 1.0283461927858633 0 23.017542760103503 219.5668152470472
17.386376396441605 1.1165997283423876 1.9838773268526246 4.945956861024628 10.499457123227135 296.5720903891013
7.920597384809411 1.2796307172309969 0.9722211427939478 8.99788124648706 22.60175187023003 329.6947680657525
3.757652661690272 1.117557532424937 1.212514204341559 0 8.053891542603079 184.85863312820052
12.618267395454488 1.027355089388862 1.4237819839530013 11.325503092792099 16.281249343143706 8.557233622582823
4.756704800169535 1.8673789362648485 3.6468568715918916 0 13.60228624583073 326.8516661551207
7.2438684321836915 0.9105903118603358 1.695748316476774 -3.3033514439784426 16.43732485118183 106.0242240629327
11.974860266685734 1.8667072526921213 1.089724348737936 0 25.412335647470805 340.6018232084306
4.914551227757885 1.6166823845060176 3.217809842829041 2.808486174438261 8.053891542603079 287.54618989356663
7.119891201334083 0.9157708108969013 1.3329082395969891 8.285125153974366 10.499457123227135 324.4279288698595
0.6982316628268621 1.8149287918115504 2.3583050897821396 -2.9408285781492673 13.60228624583073 196.21357686654392
12.071424793426937 1.7363174928034049 3.39070799229758 -9.081525037454263 16.43732485118183 41.02369543010147
12.637624921325065 0.7105010570883807 1.0517810344267222 -5.115853939187757 23.017542760103503 231.1813657102881
13.773566669792348 1.9972129997397488 2.221100876854631 13.02419467713978 22.60175187023003 283.4935881542759
8.718860379544928 1.6532392025646154 1.8109025745540324 5.8866485086888325 8.053891542603079 343.27889820271747
4.406066871110361 1.4968945707682877 0.9835163538950003 -7.059879159445472 13.60228624583073 201.6177460206888
10.710037999857757 1.8957665645096813 3.4599606102123146 -15.017609408873199 16.43732485118183 321.16235817852834
9.617874014492084 1.1617149777263496 1.3933894705471317 12.263028392965813 10.499457123227135 205.9310217987993
11.138694760960545 1.0649230485284307 1.085207515426457 -10.89348478347187 23.017542760103503 45.218025056827365
14.35505299672221 1.983930876414312 1.6127552982927726 15.61607171184385 22.60175187023003 142.21607450093856
4.189448520359995 1.1778450383786119 0.6008848055988663 -4.751404822721993 25.412335647470805 326.4523743239226
17.090683621420446 1.922872583978105 1.618874836865145 19.284943128128887 16.281249343143706 25.697873438542214
0.4760656499416049 0.6299653943135913 0.908510834265675 -3.4327368380812153 8.656817144645101 27.22099084200603
5.782959315529637 1.3208861879807174 1.4615925450815717 -9.367102949200442 13.60228624583073 224.3355885659891
7.81404379348439 1.4294522597126276 0.8553969133644855 -18.185621548991698 16.43732485118183 136.53406019992659
11.573936784642605 1.504584897784802 1.8172109143129398 17.81732389046144 10.499457123227135 10.73915184439143
12.071424793426937 1.7363174928034049 3.39070799229758 -9.981576660521956 25.412335647470805 41.02369543010147
2.8881367359907006 1.3339816767033175 1.0283461927858633 0 0.5587315798387662 219.5668152470472
6.661816947098178 1.9897063514688131 3.9740562278601876 -14.583434824298852 23.017542760103503 335.5135192522772
17.765548128699955 1.4848117117694273 2.628469868308591 19.30599279298586 22.60175187023003 293.25467989324176
5.493297033155065 1.7788756064827531 1.282664185845287 -5.75348265927487 8.656817144645101 195.64242282709904
6.130097437935675 1.7786131713516546 3.531722426624919 10.720417971804643 8.053891542603079 339.6146393732591
8.453740077089291 1.0444264797435905 2.0180695216101103 3.377716623936272 -1.997675349420449 326.37808372344625
16.96295188583068 1.7917535457102105 3.379233311070181 25.13299674934104 16.281249343143706 324.5163186511076
5.319460186346749 1.6810177753597049 2.241229163311445 4.312436801102065 -5.384372199113051 292.6241204477558
5.0276514798681555 1.1273101496202291 0.787680984813152 -17.474798546986662 23.017542760103503 134.5403095843569
1.3208751669699301 0.7067545194140982 0.8859770458101258 20.960634323852524 10.499457123227135 68.32489516598218
6.9184049260295 0.753551167907703 0.8718218155627397 5.527037836570291 -1.997675349420449 57.34141617918767
7.590469426396642 1.4815360868808107 2.0584091113169456 14.734982585312666 8.053891542603079 57.63487594028918
12.153740487451179 1.237823148320428 0.7328241439221267 -15.138928271310998 13.60228624583073 313.48009600546925
14.745789280596805 1.8521151800840787 1.5342729023566866 -14.678350691203867 25.412335647470805 151.92923195500825
6.926933288247993 1.554063405289359 1.5825054192024466 -20.371276247403937 25.412335647470805 29.539288464843363
0.9031093098822085 1.471531492476529 2.241303386492594 11.230789485051336 -1.997675349420449 283.9077981470035
19.0561988493824 1.1284263246757988 2.0444732744871317 20.07752562411243 8.053891542603079 126.50593754713819
16.41068578730758 0.680699451351474 0.8148305761292687 23.328620829016444 10.499457123227135 100.09809229331152
1.1337371572180668 0.7545621845045584 0.7932159563389276 -20.91710186478682 13.60228624583073 321.59075042128404
7.119891201334083 0.9157708108969013 1.3329082395969891 14.569957778001076 -1.997675349420449 324.4279288698595
10.710037999857757 1.8957665645096813 3.4599606102123146 -24.0455755779409 13.60228624583073 321.16235817852834
22.184053120642126 1.6513748545523774 1.9716314656447251 23.31343493400603 8.053891542603079 356.53393738397983
23.145390616680437 1.852075786737305 1.7063997200697052 25.951583063272306 10.499457123227135 276.9541505074529
6.130097437935675 1.7786131713516546 3.531722426624919 -27.2135877180594 13.60228624583073 339.6146393732591
8.16444655003199 1.8502500058488554 2.2171392160816468 28.346069357250414 10.499457123227135 39.87966420388907
9.617874014492084 1.1617149777263496 1.3933894705471317 18.547861016992524 -1.997675349420449 205.9310217987993
11.573936784642605 1.504584897784802 1.8172109143129398 24.10215651448815 -1.997675349420449 10.73915184439143
17.090683621420446 1.922872583978105 1.618874836865145 31.272874969342816 8.053891542603079 25.697873438542214
17.090683621420446 1.922872583978105 1.618874836865145 32.07054316248695 10.499457123227135 25.697873438542214
1.3208751669699301 0.7067545194140982 0.8859770458101258 27.245466947879233 -1.997675349420449 68.32489516598218
10.067689446980838 1.6272249640722862 2.8268337424885734 37.12092859055497 8.053891542603079 286.6291122880953
16.41068578730758 0.680699451351474 0.8148305761292687 29.613453453043157 -1.997675349420449 100.09809229331152
23.145390616680437 1.852075786737305 1.7063997200697052 32.236415687299015 -1.997675349420449 276.9541505074529
8.16444655003199 1.8502500058488554 2.2171392160816468 34.63090198127712 -1.997675349420449 39.87966420388907
6.455520122104929 1.2083919665956349 0.8417092984811626 38.355375786513655 -1.997675349420449 68.39900558474017
