0.10895223376951546 -0.9498503002674472
0.2991039533985661 -0.7997325153804727
0.3536880382054086 -0.6419125084364908
0.4283126588407793 -0.6142159143606665
0.5100554129148644 -0.6718358886490435
0.5454238392413984 -0.5553273456738437
0.5946024639482325 -0.6377848321311673
0.6591109579808122 -0.657051539301723
0.6853807176223381 -0.6806081094313311
0.7349013542174859 -0.64382515982454
0.7602952867977667 -0.5691690041932426
0.7902669000264295 -0.5585617926555856
0.8045294984210449 -0.5789032453845581
0.8537970167953643 -0.6708427217067755
0.8813151937267192 -0.6351125918668519
0.8954720379645229 -0.6992674931921332
0.9164210264320469 -0.6529965480419174
0.9631889994907148 -0.6951626401877773
0.9774392525707167 -0.7269231778031815
0.9985888930112394 -0.6080540918000592
1.0266496054271048 -0.753665652486696
1.0402799060660308 -0.74446043958163
1.0703905396960953 -0.7254789032778757
1.0899302843169503 -0.6896696800335805
1.094853332109567 -0.8524052374997391
1.1084074700997273 -0.7660140695421698
1.1343728470094003 -0.6509966552917558
1.192857555170421 -0.7611480747610604
1.2078471418067103 -0.7773010944341313
1.212158738022172 -0.8637745815028396
1.2286373321468478 -0.6796584263454907
